2115a2116,2183
>   2116  2458   416    41.24   -72.12
>   2117  2390   489    32.70   -80.00 
>   2118  2312   360    47.91   -89.14
>   2119  2319   370    46.67   -88.35
>   2120  2025   382    45.24  -122.77
>   2121  1742   591    20.79  -156.01
>   2122  1739   592    20.71  -156.25
>   2123  1746   599    19.82  -155.47
>   2124  1709   580    22.04  -159.78
>   2125  1742   578    22.27  -155.86
>   2126  1745   602    19.47  -155.59
>   2127  1559   528    28.20  -177.38
>   2128  1712   579    22.21  -159.44
>   2129  1726   585    21.45  -157.77
>   2130  1745   605    19.10  -155.57
>   2131  2391   440    38.43   -79.84
>   2132  2439   386    44.85   -74.33
>   2133  2447   388    44.56   -73.33
>   2134  2447   384    45.00   -73.33
>   2135  2451   396    43.60   -72.82 
>   2136  2439   388    44.59   -74.33
>   2137  2450   393    43.98   -73.03
>   2138  2328   479    33.90   -87.31
>   2139  2339   488    32.91   -85.96
>   2140  2390   489    32.70   -80.00
>   2141  2410   405    42.57   -77.71
>   2142  2388   522    28.85   -80.23
>   2143  2388   512    30.02   -80.25
>   2144  2326   514    29.80   -87.50
>   2145  2358   525    28.50   -83.75
>   2146  2354   519    29.25   -84.20
>   2147  2385   514    29.80   -80.60
>   2148  2339   514    29.77   -86.03
>   2149  2023   387    44.64  -123.06
>   2150  2035   380    45.52  -121.59
>   2151  2011   375    46.10  -124.50
>   2152  2011   388    44.60  -124.50
>   2153  2000   377    45.90  -125.80 
>   2154   205   445    37.94    23.94
>   2155  2456   583    21.77   -72.27
>   2156  1287   257    59.91   150.72
>   2157  1353   314    53.17   158.45
>   2158   654   248    60.95    76.48
>   2159    32   423    40.47     3.58
>   2160  3020   312    53.43    -6.25
>   2161  3000   363    47.48    -8.54
>   2162   242   992   -26.14    28.23
>   2163    23   350    49.02     2.53
>   2164    63   396    43.65     7.21
>   2165  3042   423    40.47    -3.58
>   2166  2858   453    36.97   -25.17
>   2167  2995   438    38.77    -9.13
>   2168    75   379    45.63     8.72 
>   2169   570   201    66.53    66.67
>   2170   869   288    56.28   101.75
>   2171   891   322    52.27   104.32
>   2172  1154   354    48.53   135.19
>   2173   299   495    32.00    34.90
>   2174  1080   449    37.47   126.43
>   2175  1089   455    36.72   127.50
>   2176  1080   483    33.50   126.48
>   2177  1114   482    33.58   130.45
>   2178   896   669    11.60   104.86
>   2179  2957   687     9.57   -13.62
>   2180   475   947   -20.89    55.53
>   2181  2553   651    13.75   -60.95
>   2182  2546   666    12.00   -61.78
>   2183  2437   840    -8.37   -74.57
